{
  "seed": 20260706,
  "python": "3.12.4",
  "numpy": "1.26.4",
  "x0": [
    0.35,
    -0.28,
    0.22,
    0.18
  ],
  "y0": [
    0.6288091427100629,
    -0.31558438307906306,
    -0.03545672486537022,
    0.3085382647639951,
    0.407965294280686
  ],
  "A": [
    [
      1.2,
      -0.35,
      0.15,
      0.4
    ],
    [
      0.1,
      0.95,
      -0.55,
      0.2
    ],
    [
      -0.45,
      0.25,
      1.1,
      -0.3
    ],
    [
      0.3,
      0.1,
      0.35,
      0.85
    ],
    [
      0.55,
      -0.2,
      0.45,
      0.25
    ]
  ],
  "B": [
    [
      0.08,
      -0.03,
      0.0,
      0.02
    ],
    [
      0.01,
      0.07,
      -0.02,
      0.0
    ],
    [
      -0.02,
      0.0,
      0.06,
      0.01
    ],
    [
      0.0,
      0.03,
      0.02,
      0.05
    ],
    [
      0.04,
      0.02,
      0.03,
      0.01
    ]
  ],
  "C": [
    [
      0.03,
      0.0,
      -0.01,
      0.0
    ],
    [
      0.0,
      -0.02,
      0.0,
      0.01
    ],
    [
      0.02,
      0.01,
      0.0,
      0.0
    ],
    [
      0.0,
      0.0,
      0.01,
      -0.02
    ],
    [
      0.01,
      -0.01,
      0.02,
      0.0
    ]
  ],
  "h": 0.0001,
  "J": [
    [
      1.2625632649787555,
      -0.30773673502126897,
      0.1482000000002648,
      0.4049999999994336
    ],
    [
      0.10880000000018653,
      0.9195637384065702,
      -0.5663637384065168,
      0.2035000000000231
    ],
    [
      -0.4695999999998826,
      0.2591999999999872,
      1.137415914887023,
      -0.2825840851130093
    ],
    [
      0.28161622852102,
      0.083200000000061,
      0.3606000000000442,
      0.8779837714786853
    ],
    [
      0.5885735243005286,
      -0.19652647569923243,
      0.48297352430087814,
      0.2713735243006776
    ]
  ],
  "singular_values": [
    1.733361111993991,
    1.4439469991112515,
    1.0033579310085217,
    0.5817767239800551
  ],
  "rank": 4,
  "U_R": [
    [
      -0.773271882213538,
      -0.016953610588761214,
      0.12226658236796864,
      0.42986877395211154
    ],
    [
      0.042598368108293656,
      0.55473294691483,
      -0.7158209828973949,
      0.409320201340627
    ],
    [
      0.2802488179771604,
      -0.7657074402518464,
      -0.3939678785346821,
      0.37107727817684727
    ],
    [
      -0.389268705620988,
      -0.1528362632718239,
      -0.5619636109963818,
      -0.6986510657800982
    ],
    [
      -0.4125123635226072,
      -0.28690961166761825,
      -0.04046497100768943,
      0.14784502649927772
    ]
  ],
  "U_N": [
    [
      -0.4494740162488838
    ],
    [
      0.10253794351348415
    ],
    [
      -0.20553267445618886
    ],
    [
      -0.1455834456712243
    ],
    [
      0.8508941526033093
    ]
  ],
  "P_R": [
    [
      0.7979731087170981,
      0.046088141288906814,
      -0.0923815966581977,
      -0.06543597602519609,
      0.3824548121733001
    ],
    [
      0.046088141288906814,
      0.9894859701400254,
      0.021074897763563995,
      0.01492782712873439,
      -0.0872489365555921
    ],
    [
      -0.0923815966581977,
      0.021074897763563995,
      0.9577563197308858,
      -0.029922154945353916,
      0.17488655086369057
    ],
    [
      -0.06543597602519609,
      0.01492782712873439,
      -0.029922154945353916,
      0.9788054603464934,
      0.1238761026374864
    ],
    [
      0.3824548121733001,
      -0.0872489365555921,
      0.17488655086369057,
      0.1238761026374864,
      0.2759791410654963
    ]
  ],
  "P_N": [
    [
      0.20202689128290183,
      -0.046088141288906904,
      0.09238159665819758,
      0.06543597602519637,
      -0.3824548121733
    ],
    [
      -0.046088141288906904,
      0.010514029859974466,
      -0.02107489776356402,
      -0.014927827128734387,
      0.08724893655559209
    ],
    [
      0.09238159665819758,
      -0.02107489776356402,
      0.04224368026911371,
      0.029922154945354003,
      -0.17488655086369065
    ],
    [
      0.06543597602519637,
      -0.014927827128734387,
      0.029922154945354003,
      0.021194539653506317,
      -0.12387610263748632
    ],
    [
      -0.3824548121733,
      0.08724893655559209,
      -0.17488655086369065,
      -0.12387610263748632,
      0.7240208589345037
    ]
  ],
  "R_residuals": [
    [
      0.5590549057252187,
      0.39152532643205384,
      0.26719322384726857,
      -0.15376811136435456,
      -0.2784274401148737
    ],
    [
      0.2661763409387417,
      -0.5106119831162563,
      -0.10831857409918341,
      0.1809786053722211,
      -0.5294850223476616
    ],
    [
      -0.23809157459150102,
      0.0661229907489203,
      0.36046578587071004,
      0.1400195902375678,
      -0.03452077201420713
    ],
    [
      -0.23809157459150096,
      0.06612299074892022,
      -0.2447493004661865,
      0.5296607225626366,
      0.20305919906264713
    ],
    [
      -0.23809157459150096,
      0.06612299074892022,
      -0.24474930046618665,
      -0.25540918027291015,
      -0.09605001507399655
    ],
    [
      -0.11095652288945755,
      -0.07928231556255859,
      -0.0298418346864222,
      -0.4414816265351606,
      0.7354240504880919
    ]
  ],
  "Sigma_empirical": [
    [
      0.11315327514741398,
      0.00890764685225297,
      0.030915322636876418,
      -0.01748835881749485,
      -0.07909031755063507
    ],
    [
      0.00890764685225297,
      0.08668382276346975,
      0.030751114046857812,
      -0.018043884538762857,
      0.021567406372795164
    ],
    [
      0.030915322636876418,
      0.030751114046857812,
      0.0667511380805985,
      -0.012833024331094817,
      -0.015524249156198308
    ],
    [
      -0.01748835881749485,
      -0.018043884538762857,
      -0.012833024331094817,
      0.12333674605734327,
      -0.05008749038647873
    ],
    [
      -0.07909031755063507,
      0.021567406372795164,
      -0.015524249156198308,
      -0.05008749038647873,
      0.19007501795117449
    ]
  ],
  "ridge": 1e-08,
  "Sigma_regularized": [
    [
      0.11315328514741398,
      0.00890764685225297,
      0.030915322636876418,
      -0.01748835881749485,
      -0.07909031755063507
    ],
    [
      0.00890764685225297,
      0.08668383276346975,
      0.030751114046857812,
      -0.018043884538762857,
      0.021567406372795164
    ],
    [
      0.030915322636876418,
      0.030751114046857812,
      0.0667511480805985,
      -0.012833024331094817,
      -0.015524249156198308
    ],
    [
      -0.01748835881749485,
      -0.018043884538762857,
      -0.012833024331094817,
      0.12333675605734326,
      -0.05008749038647873
    ],
    [
      -0.07909031755063507,
      0.021567406372795164,
      -0.015524249156198308,
      -0.05008749038647873,
      0.19007502795117448
    ]
  ],
  "Sigma_block": [
    [
      0.040000009999999996,
      1.2040212523352852e-17,
      -3.96785174118491e-18,
      2.427439924182034e-17,
      0.017999999999999978
    ],
    [
      1.406817354137342e-17,
      0.040000009999999954,
      -1.5367468009094466e-18,
      2.2531853743329862e-17,
      -0.012000000000000025
    ],
    [
      -2.732704245610994e-18,
      -1.3992770142828186e-17,
      0.09000000999999996,
      7.492938771548499e-18,
      0.0059999999999999915
    ],
    [
      1.702323272457311e-17,
      3.300783951529443e-17,
      7.54968122490628e-18,
      0.16000000999999986,
      0.010000000000000054
    ],
    [
      0.018000000000000013,
      -0.012000000000000025,
      0.005999999999999995,
      0.010000000000000052,
      0.2500000100000001
    ]
  ],
  "Sigma_R": [
    [
      0.040000009999999996,
      1.2040212523352852e-17,
      -3.96785174118491e-18,
      2.427439924182034e-17
    ],
    [
      1.406817354137342e-17,
      0.040000009999999954,
      -1.5367468009094466e-18,
      2.2531853743329862e-17
    ],
    [
      -2.732704245610994e-18,
      -1.3992770142828186e-17,
      0.09000000999999996,
      7.492938771548499e-18
    ],
    [
      1.702323272457311e-17,
      3.300783951529443e-17,
      7.54968122490628e-18,
      0.16000000999999986
    ]
  ],
  "C_RN": [
    [
      0.017999999999999978
    ],
    [
      -0.012000000000000025
    ],
    [
      0.0059999999999999915
    ],
    [
      0.010000000000000054
    ]
  ],
  "Sigma_N": [
    [
      0.2500000100000001
    ]
  ],
  "Fisher": [
    [
      56.4795928350009,
      -13.167741518881614,
      -1.6731854019406514,
      31.118254356427197
    ],
    [
      -13.167741518881613,
      15.403404162439566,
      -11.585600501115552,
      -3.526105843451235
    ],
    [
      -1.6731854019406531,
      -11.585600501115554,
      49.50774237452824,
      0.02459420371857882
    ],
    [
      31.118254356427194,
      -3.5261058434512367,
      0.02459420371857696,
      22.528048565202365
    ]
  ],
  "null_covariance": [
    [
      0.050506724840994395,
      -0.011522035783108144,
      0.02309540008836537,
      0.01635899466065886,
      -0.09561370686787317
    ],
    [
      -0.011522035783108144,
      0.002628507570133916,
      -0.005268724651639985,
      -0.0037319569314618697,
      0.021812235011387397
    ],
    [
      0.02309540008836537,
      -0.005268724651639985,
      0.010560920489715235,
      0.007480539035560053,
      -0.04372163946478819
    ],
    [
      0.01635899466065886,
      -0.0037319569314618693,
      0.007480539035560054,
      0.005298635125321979,
      -0.030969026898132617
    ],
    [
      -0.09561370686787315,
      0.021812235011387397,
      -0.04372163946478819,
      -0.030969026898132617,
      0.1810052219738346
    ]
  ],
  "projector_errors": {
    "PR_idempotence": 7.766758221461429e-16,
    "PN_idempotence": 1.2292079672222063e-16,
    "orthogonality": 1.2647340399882841e-16,
    "partition": 7.147902770195107e-16
  },
  "winding": -1.0,
  "holonomy_adapted": [
    [
      0.9427546655283461,
      -0.33348709214081446,
      0.0,
      0.0,
      0.0
    ],
    [
      0.33348709214081446,
      0.9427546655283463,
      0.0,
      0.0,
      0.0
    ],
    [
      0.0,
      0.0,
      1.0,
      0.0,
      0.0
    ],
    [
      0.0,
      0.0,
      0.0,
      1.0,
      0.0
    ],
    [
      0.0,
      0.0,
      0.0,
      0.0,
      1.0
    ]
  ],
  "holonomy_eigenvalues_real_imag": [
    [
      0.9427546655283461,
      0.3334870921408144
    ],
    [
      0.9427546655283461,
      -0.3334870921408144
    ],
    [
      1.0,
      0.0
    ],
    [
      1.0,
      0.0
    ],
    [
      1.0,
      0.0
    ]
  ],
  "battery": [
    {
      "name": "Identity",
      "rank": 4,
      "sector_mixing_norm": 0.0,
      "covariance_error": 0.0,
      "pass": true
    },
    {
      "name": "Rotation in degenerate resolved covariance plane (zero-coupling control)",
      "rank": 4,
      "sector_mixing_norm": 0.0,
      "covariance_error": 2.7284278372751544e-18,
      "pass": true
    },
    {
      "name": "Resolved-null mixing",
      "rank": 4,
      "sector_mixing_norm": 0.35,
      "covariance_error": 0.02642442504341436,
      "pass": false
    },
    {
      "name": "Rank collapse",
      "rank": 4,
      "sector_mixing_norm": 0.0,
      "covariance_error": 0.25240444726668376,
      "pass": false
    },
    {
      "name": "Null inflation",
      "rank": 4,
      "sector_mixing_norm": 0.0,
      "covariance_error": 0.7508049313903055,
      "pass": false
    }
  ],
  "coupling_results": {
    "zero": {
      "C_RN": [
        [
          0.0
        ],
        [
          0.0
        ],
        [
          0.0
        ],
        [
          0.0
        ]
      ],
      "frobenius_norm": 0.0,
      "qualitative_automorphism": "larger: independent sector rotations allowed"
    },
    "weak": {
      "C_RN": [
        [
          0.018
        ],
        [
          -0.012
        ],
        [
          0.006
        ],
        [
          0.01
        ]
      ],
      "frobenius_norm": 0.024576411454889015,
      "qualitative_automorphism": "shrunk: coupling vector stabilizer only"
    },
    "strong": {
      "C_RN": [
        [
          0.072
        ],
        [
          -0.048
        ],
        [
          0.024
        ],
        [
          0.04
        ]
      ],
      "frobenius_norm": 0.09830564581955606,
      "qualitative_automorphism": "strongly shrunk: coupling dominates stabilizer constraints"
    }
  },
  "closure_hierarchy": {
    "Rank preserved?": true,
    "Resolved preserved?": false,
    "Null preserved?": false,
    "Covariance?": false,
    "Holonomy?": false
  },
  "finite_difference_rows": [
    [
      "primary",
      0.35,
      -0.28,
      0.22,
      0.18,
      0.6288091427100629,
      -0.31558438307906306,
      -0.03545672486537022,
      0.3085382647639951,
      0.407965294280686
    ],
    [
      "+h e_1",
      0.35009999999999997,
      -0.28,
      0.22,
      0.18,
      0.6289353998313151,
      -0.315573502979063,
      -0.03550368506537021,
      0.3085664263995358,
      0.4080241519991496
    ],
    [
      "-h e_1",
      0.3499,
      -0.28,
      0.22,
      0.18,
      0.6286828871783193,
      -0.31559526297906304,
      -0.03540976506537023,
      0.3085101031538316,
      0.4079064372942895
    ],
    [
      "+h e_2",
      0.35,
      -0.27990000000000004,
      0.22,
      0.18,
      0.6287783687313152,
      -0.31549242596926547,
      -0.03543080486537022,
      0.30854658506399507,
      0.4079456417991496
    ],
    [
      "-h e_2",
      0.35,
      -0.2801,
      0.22,
      0.18,
      0.6288399160783195,
      -0.3156763387169468,
      -0.03548264486537022,
      0.30852994506399506,
      0.40798494709428945
    ],
    [
      "+h e_3",
      0.35,
      -0.28,
      0.2201,
      0.18,
      0.6288239627100629,
      -0.3156410196169468,
      -0.035342982703087895,
      0.30857432496399506,
      0.40801359189914965
    ],
    [
      "-h e_3",
      0.35,
      -0.28,
      0.2199,
      0.18,
      0.6287943227100629,
      -0.3155277468692655,
      -0.0355704658860653,
      0.30850220496399505,
      0.4079169971942895
    ],
    [
      "+h e_4",
      0.35,
      -0.28,
      0.22,
      0.18009999999999998,
      0.6288496429100628,
      -0.31556403307906306,
      -0.0354849832030879,
      0.30862606365383155,
      0.4079924316991496
    ],
    [
      "-h e_4",
      0.35,
      -0.28,
      0.22,
      0.1799,
      0.628768642910063,
      -0.31560473307906306,
      -0.035428466386065297,
      0.3084504668995358,
      0.4079381569942895
    ]
  ]
}